CD1: COORDINATIONNUMBER SPECIESA=16 SPECIESB=16,34,52,70,88,106,124,142,160,178,196,214,232,250,268,286,304,322,340,358,376,394,412,430,448,466,484,502,520,538,556,574,592,610,628,646,664,682,700,718 SWITCH={RATIONAL R_0=0.67 D_0=0.0 D_MAX=2.1} MEAN
CD2: COORDINATIONNUMBER SPECIESA=34 SPECIESB=16,34,52,70,88,106,124,142,160,178,196,214,232,250,268,286,304,322,340,358,376,394,412,430,448,466,484,502,520,538,556,574,592,610,628,646,664,682,700,718 SWITCH={RATIONAL R_0=0.67 D_0=0.0 D_MAX=2.1} MEAN
CD3: COORDINATIONNUMBER SPECIESA=52 SPECIESB=16,34,52,70,88,106,124,142,160,178,196,214,232,250,268,286,304,322,340,358,376,394,412,430,448,466,484,502,520,538,556,574,592,610,628,646,664,682,700,718 SWITCH={RATIONAL R_0=0.67 D_0=0.0 D_MAX=2.1} MEAN
CD4: COORDINATIONNUMBER SPECIESA=70 SPECIESB=16,34,52,70,88,106,124,142,160,178,196,214,232,250,268,286,304,322,340,358,376,394,412,430,448,466,484,502,520,538,556,574,592,610,628,646,664,682,700,718 SWITCH={RATIONAL R_0=0.67 D_0=0.0 D_MAX=2.1} MEAN
CD5: COORDINATIONNUMBER SPECIESA=88 SPECIESB=16,34,52,70,88,106,124,142,160,178,196,214,232,250,268,286,304,322,340,358,376,394,412,430,448,466,484,502,520,538,556,574,592,610,628,646,664,682,700,718 SWITCH={RATIONAL R_0=0.67 D_0=0.0 D_MAX=2.1} MEAN
CD6: COORDINATIONNUMBER SPECIESA=106 SPECIESB=16,34,52,70,88,106,124,142,160,178,196,214,232,250,268,286,304,322,340,358,376,394,412,430,448,466,484,502,520,538,556,574,592,610,628,646,664,682,700,718 SWITCH={RATIONAL R_0=0.67 D_0=0.0 D_MAX=2.1} MEAN
CD7: COORDINATIONNUMBER SPECIESA=124 SPECIESB=16,34,52,70,88,106,124,142,160,178,196,214,232,250,268,286,304,322,340,358,376,394,412,430,448,466,484,502,520,538,556,574,592,610,628,646,664,682,700,718 SWITCH={RATIONAL R_0=0.67 D_0=0.0 D_MAX=2.1} MEAN
CD8: COORDINATIONNUMBER SPECIESA=142 SPECIESB=16,34,52,70,88,106,124,142,160,178,196,214,232,250,268,286,304,322,340,358,376,394,412,430,448,466,484,502,520,538,556,574,592,610,628,646,664,682,700,718 SWITCH={RATIONAL R_0=0.67 D_0=0.0 D_MAX=2.1} MEAN
CD9: COORDINATIONNUMBER SPECIESA=160 SPECIESB=16,34,52,70,88,106,124,142,160,178,196,214,232,250,268,286,304,322,340,358,376,394,412,430,448,466,484,502,520,538,556,574,592,610,628,646,664,682,700,718 SWITCH={RATIONAL R_0=0.67 D_0=0.0 D_MAX=2.1} MEAN
CD10: COORDINATIONNUMBER SPECIESA=178 SPECIESB=16,34,52,70,88,106,124,142,160,178,196,214,232,250,268,286,304,322,340,358,376,394,412,430,448,466,484,502,520,538,556,574,592,610,628,646,664,682,700,718 SWITCH={RATIONAL R_0=0.67 D_0=0.0 D_MAX=2.1} MEAN
CD11: COORDINATIONNUMBER SPECIESA=196 SPECIESB=16,34,52,70,88,106,124,142,160,178,196,214,232,250,268,286,304,322,340,358,376,394,412,430,448,466,484,502,520,538,556,574,592,610,628,646,664,682,700,718 SWITCH={RATIONAL R_0=0.67 D_0=0.0 D_MAX=2.1} MEAN
CD12: COORDINATIONNUMBER SPECIESA=214 SPECIESB=16,34,52,70,88,106,124,142,160,178,196,214,232,250,268,286,304,322,340,358,376,394,412,430,448,466,484,502,520,538,556,574,592,610,628,646,664,682,700,718 SWITCH={RATIONAL R_0=0.67 D_0=0.0 D_MAX=2.1} MEAN
CD13: COORDINATIONNUMBER SPECIESA=232 SPECIESB=16,34,52,70,88,106,124,142,160,178,196,214,232,250,268,286,304,322,340,358,376,394,412,430,448,466,484,502,520,538,556,574,592,610,628,646,664,682,700,718 SWITCH={RATIONAL R_0=0.67 D_0=0.0 D_MAX=2.1} MEAN
CD14: COORDINATIONNUMBER SPECIESA=250 SPECIESB=16,34,52,70,88,106,124,142,160,178,196,214,232,250,268,286,304,322,340,358,376,394,412,430,448,466,484,502,520,538,556,574,592,610,628,646,664,682,700,718 SWITCH={RATIONAL R_0=0.67 D_0=0.0 D_MAX=2.1} MEAN
CD15: COORDINATIONNUMBER SPECIESA=268 SPECIESB=16,34,52,70,88,106,124,142,160,178,196,214,232,250,268,286,304,322,340,358,376,394,412,430,448,466,484,502,520,538,556,574,592,610,628,646,664,682,700,718 SWITCH={RATIONAL R_0=0.67 D_0=0.0 D_MAX=2.1} MEAN
CD16: COORDINATIONNUMBER SPECIESA=286 SPECIESB=16,34,52,70,88,106,124,142,160,178,196,214,232,250,268,286,304,322,340,358,376,394,412,430,448,466,484,502,520,538,556,574,592,610,628,646,664,682,700,718 SWITCH={RATIONAL R_0=0.67 D_0=0.0 D_MAX=2.1} MEAN
CD17: COORDINATIONNUMBER SPECIESA=304 SPECIESB=16,34,52,70,88,106,124,142,160,178,196,214,232,250,268,286,304,322,340,358,376,394,412,430,448,466,484,502,520,538,556,574,592,610,628,646,664,682,700,718 SWITCH={RATIONAL R_0=0.67 D_0=0.0 D_MAX=2.1} MEAN
CD18: COORDINATIONNUMBER SPECIESA=322 SPECIESB=16,34,52,70,88,106,124,142,160,178,196,214,232,250,268,286,304,322,340,358,376,394,412,430,448,466,484,502,520,538,556,574,592,610,628,646,664,682,700,718 SWITCH={RATIONAL R_0=0.67 D_0=0.0 D_MAX=2.1} MEAN
CD19: COORDINATIONNUMBER SPECIESA=340 SPECIESB=16,34,52,70,88,106,124,142,160,178,196,214,232,250,268,286,304,322,340,358,376,394,412,430,448,466,484,502,520,538,556,574,592,610,628,646,664,682,700,718 SWITCH={RATIONAL R_0=0.67 D_0=0.0 D_MAX=2.1} MEAN
CD20: COORDINATIONNUMBER SPECIESA=358 SPECIESB=16,34,52,70,88,106,124,142,160,178,196,214,232,250,268,286,304,322,340,358,376,394,412,430,448,466,484,502,520,538,556,574,592,610,628,646,664,682,700,718 SWITCH={RATIONAL R_0=0.67 D_0=0.0 D_MAX=2.1} MEAN
CD21: COORDINATIONNUMBER SPECIESA=376 SPECIESB=16,34,52,70,88,106,124,142,160,178,196,214,232,250,268,286,304,322,340,358,376,394,412,430,448,466,484,502,520,538,556,574,592,610,628,646,664,682,700,718 SWITCH={RATIONAL R_0=0.67 D_0=0.0 D_MAX=2.1} MEAN
CD22: COORDINATIONNUMBER SPECIESA=394 SPECIESB=16,34,52,70,88,106,124,142,160,178,196,214,232,250,268,286,304,322,340,358,376,394,412,430,448,466,484,502,520,538,556,574,592,610,628,646,664,682,700,718 SWITCH={RATIONAL R_0=0.67 D_0=0.0 D_MAX=2.1} MEAN
CD23: COORDINATIONNUMBER SPECIESA=412 SPECIESB=16,34,52,70,88,106,124,142,160,178,196,214,232,250,268,286,304,322,340,358,376,394,412,430,448,466,484,502,520,538,556,574,592,610,628,646,664,682,700,718 SWITCH={RATIONAL R_0=0.67 D_0=0.0 D_MAX=2.1} MEAN
CD24: COORDINATIONNUMBER SPECIESA=430 SPECIESB=16,34,52,70,88,106,124,142,160,178,196,214,232,250,268,286,304,322,340,358,376,394,412,430,448,466,484,502,520,538,556,574,592,610,628,646,664,682,700,718 SWITCH={RATIONAL R_0=0.67 D_0=0.0 D_MAX=2.1} MEAN
CD25: COORDINATIONNUMBER SPECIESA=448 SPECIESB=16,34,52,70,88,106,124,142,160,178,196,214,232,250,268,286,304,322,340,358,376,394,412,430,448,466,484,502,520,538,556,574,592,610,628,646,664,682,700,718 SWITCH={RATIONAL R_0=0.67 D_0=0.0 D_MAX=2.1} MEAN
CD26: COORDINATIONNUMBER SPECIESA=466 SPECIESB=16,34,52,70,88,106,124,142,160,178,196,214,232,250,268,286,304,322,340,358,376,394,412,430,448,466,484,502,520,538,556,574,592,610,628,646,664,682,700,718 SWITCH={RATIONAL R_0=0.67 D_0=0.0 D_MAX=2.1} MEAN
CD27: COORDINATIONNUMBER SPECIESA=484 SPECIESB=16,34,52,70,88,106,124,142,160,178,196,214,232,250,268,286,304,322,340,358,376,394,412,430,448,466,484,502,520,538,556,574,592,610,628,646,664,682,700,718 SWITCH={RATIONAL R_0=0.67 D_0=0.0 D_MAX=2.1} MEAN
CD28: COORDINATIONNUMBER SPECIESA=502 SPECIESB=16,34,52,70,88,106,124,142,160,178,196,214,232,250,268,286,304,322,340,358,376,394,412,430,448,466,484,502,520,538,556,574,592,610,628,646,664,682,700,718 SWITCH={RATIONAL R_0=0.67 D_0=0.0 D_MAX=2.1} MEAN
CD29: COORDINATIONNUMBER SPECIESA=520 SPECIESB=16,34,52,70,88,106,124,142,160,178,196,214,232,250,268,286,304,322,340,358,376,394,412,430,448,466,484,502,520,538,556,574,592,610,628,646,664,682,700,718 SWITCH={RATIONAL R_0=0.67 D_0=0.0 D_MAX=2.1} MEAN
CD30: COORDINATIONNUMBER SPECIESA=538 SPECIESB=16,34,52,70,88,106,124,142,160,178,196,214,232,250,268,286,304,322,340,358,376,394,412,430,448,466,484,502,520,538,556,574,592,610,628,646,664,682,700,718 SWITCH={RATIONAL R_0=0.67 D_0=0.0 D_MAX=2.1} MEAN
CD31: COORDINATIONNUMBER SPECIESA=556 SPECIESB=16,34,52,70,88,106,124,142,160,178,196,214,232,250,268,286,304,322,340,358,376,394,412,430,448,466,484,502,520,538,556,574,592,610,628,646,664,682,700,718 SWITCH={RATIONAL R_0=0.67 D_0=0.0 D_MAX=2.1} MEAN
CD32: COORDINATIONNUMBER SPECIESA=574 SPECIESB=16,34,52,70,88,106,124,142,160,178,196,214,232,250,268,286,304,322,340,358,376,394,412,430,448,466,484,502,520,538,556,574,592,610,628,646,664,682,700,718 SWITCH={RATIONAL R_0=0.67 D_0=0.0 D_MAX=2.1} MEAN
CD33: COORDINATIONNUMBER SPECIESA=592 SPECIESB=16,34,52,70,88,106,124,142,160,178,196,214,232,250,268,286,304,322,340,358,376,394,412,430,448,466,484,502,520,538,556,574,592,610,628,646,664,682,700,718 SWITCH={RATIONAL R_0=0.67 D_0=0.0 D_MAX=2.1} MEAN
CD34: COORDINATIONNUMBER SPECIESA=610 SPECIESB=16,34,52,70,88,106,124,142,160,178,196,214,232,250,268,286,304,322,340,358,376,394,412,430,448,466,484,502,520,538,556,574,592,610,628,646,664,682,700,718 SWITCH={RATIONAL R_0=0.67 D_0=0.0 D_MAX=2.1} MEAN
CD35: COORDINATIONNUMBER SPECIESA=628 SPECIESB=16,34,52,70,88,106,124,142,160,178,196,214,232,250,268,286,304,322,340,358,376,394,412,430,448,466,484,502,520,538,556,574,592,610,628,646,664,682,700,718 SWITCH={RATIONAL R_0=0.67 D_0=0.0 D_MAX=2.1} MEAN
CD36: COORDINATIONNUMBER SPECIESA=646 SPECIESB=16,34,52,70,88,106,124,142,160,178,196,214,232,250,268,286,304,322,340,358,376,394,412,430,448,466,484,502,520,538,556,574,592,610,628,646,664,682,700,718 SWITCH={RATIONAL R_0=0.67 D_0=0.0 D_MAX=2.1} MEAN
CD37: COORDINATIONNUMBER SPECIESA=664 SPECIESB=16,34,52,70,88,106,124,142,160,178,196,214,232,250,268,286,304,322,340,358,376,394,412,430,448,466,484,502,520,538,556,574,592,610,628,646,664,682,700,718 SWITCH={RATIONAL R_0=0.67 D_0=0.0 D_MAX=2.1} MEAN
CD38: COORDINATIONNUMBER SPECIESA=682 SPECIESB=16,34,52,70,88,106,124,142,160,178,196,214,232,250,268,286,304,322,340,358,376,394,412,430,448,466,484,502,520,538,556,574,592,610,628,646,664,682,700,718 SWITCH={RATIONAL R_0=0.67 D_0=0.0 D_MAX=2.1} MEAN
CD39: COORDINATIONNUMBER SPECIESA=700 SPECIESB=16,34,52,70,88,106,124,142,160,178,196,214,232,250,268,286,304,322,340,358,376,394,412,430,448,466,484,502,520,538,556,574,592,610,628,646,664,682,700,718 SWITCH={RATIONAL R_0=0.67 D_0=0.0 D_MAX=2.1} MEAN
CD40: COORDINATIONNUMBER SPECIESA=718 SPECIESB=16,34,52,70,88,106,124,142,160,178,196,214,232,250,268,286,304,322,340,358,376,394,412,430,448,466,484,502,520,538,556,574,592,610,628,646,664,682,700,718 SWITCH={RATIONAL R_0=0.67 D_0=0.0 D_MAX=2.1} MEAN


DIST1: DISTANCES GROUPA=16 GROUPB=16,34,52,70,88,106,124,142,160,178,196,214,232,250,268,286,304,322,340,358,376,394,412,430,448,466,484,502,520,538,556,574,592,610,628,646,664,682,700,718 LOWEST
DIST2: DISTANCES GROUPA=34 GROUPB=16,34,52,70,88,106,124,142,160,178,196,214,232,250,268,286,304,322,340,358,376,394,412,430,448,466,484,502,520,538,556,574,592,610,628,646,664,682,700,718 LOWEST
DIST3: DISTANCES GROUPA=52 GROUPB=16,34,52,70,88,106,124,142,160,178,196,214,232,250,268,286,304,322,340,358,376,394,412,430,448,466,484,502,520,538,556,574,592,610,628,646,664,682,700,718 LOWEST
DIST4: DISTANCES GROUPA=70 GROUPB=16,34,52,70,88,106,124,142,160,178,196,214,232,250,268,286,304,322,340,358,376,394,412,430,448,466,484,502,520,538,556,574,592,610,628,646,664,682,700,718 LOWEST
DIST5: DISTANCES GROUPA=88 GROUPB=16,34,52,70,88,106,124,142,160,178,196,214,232,250,268,286,304,322,340,358,376,394,412,430,448,466,484,502,520,538,556,574,592,610,628,646,664,682,700,718 LOWEST
DIST6: DISTANCES GROUPA=106 GROUPB=16,34,52,70,88,106,124,142,160,178,196,214,232,250,268,286,304,322,340,358,376,394,412,430,448,466,484,502,520,538,556,574,592,610,628,646,664,682,700,718 LOWEST
DIST7: DISTANCES GROUPA=124 GROUPB=16,34,52,70,88,106,124,142,160,178,196,214,232,250,268,286,304,322,340,358,376,394,412,430,448,466,484,502,520,538,556,574,592,610,628,646,664,682,700,718 LOWEST
DIST8: DISTANCES GROUPA=142 GROUPB=16,34,52,70,88,106,124,142,160,178,196,214,232,250,268,286,304,322,340,358,376,394,412,430,448,466,484,502,520,538,556,574,592,610,628,646,664,682,700,718 LOWEST
DIST9: DISTANCES GROUPA=160 GROUPB=16,34,52,70,88,106,124,142,160,178,196,214,232,250,268,286,304,322,340,358,376,394,412,430,448,466,484,502,520,538,556,574,592,610,628,646,664,682,700,718 LOWEST
DIST10: DISTANCES GROUPA=178 GROUPB=16,34,52,70,88,106,124,142,160,178,196,214,232,250,268,286,304,322,340,358,376,394,412,430,448,466,484,502,520,538,556,574,592,610,628,646,664,682,700,718 LOWEST
DIST11: DISTANCES GROUPA=196 GROUPB=16,34,52,70,88,106,124,142,160,178,196,214,232,250,268,286,304,322,340,358,376,394,412,430,448,466,484,502,520,538,556,574,592,610,628,646,664,682,700,718 LOWEST
DIST12: DISTANCES GROUPA=214 GROUPB=16,34,52,70,88,106,124,142,160,178,196,214,232,250,268,286,304,322,340,358,376,394,412,430,448,466,484,502,520,538,556,574,592,610,628,646,664,682,700,718 LOWEST
DIST13: DISTANCES GROUPA=232 GROUPB=16,34,52,70,88,106,124,142,160,178,196,214,232,250,268,286,304,322,340,358,376,394,412,430,448,466,484,502,520,538,556,574,592,610,628,646,664,682,700,718 LOWEST
DIST14: DISTANCES GROUPA=250 GROUPB=16,34,52,70,88,106,124,142,160,178,196,214,232,250,268,286,304,322,340,358,376,394,412,430,448,466,484,502,520,538,556,574,592,610,628,646,664,682,700,718 LOWEST
DIST15: DISTANCES GROUPA=268 GROUPB=16,34,52,70,88,106,124,142,160,178,196,214,232,250,268,286,304,322,340,358,376,394,412,430,448,466,484,502,520,538,556,574,592,610,628,646,664,682,700,718 LOWEST
DIST16: DISTANCES GROUPA=286 GROUPB=16,34,52,70,88,106,124,142,160,178,196,214,232,250,268,286,304,322,340,358,376,394,412,430,448,466,484,502,520,538,556,574,592,610,628,646,664,682,700,718 LOWEST
DIST17: DISTANCES GROUPA=304 GROUPB=16,34,52,70,88,106,124,142,160,178,196,214,232,250,268,286,304,322,340,358,376,394,412,430,448,466,484,502,520,538,556,574,592,610,628,646,664,682,700,718 LOWEST
DIST18: DISTANCES GROUPA=322 GROUPB=16,34,52,70,88,106,124,142,160,178,196,214,232,250,268,286,304,322,340,358,376,394,412,430,448,466,484,502,520,538,556,574,592,610,628,646,664,682,700,718 LOWEST
DIST19: DISTANCES GROUPA=340 GROUPB=16,34,52,70,88,106,124,142,160,178,196,214,232,250,268,286,304,322,340,358,376,394,412,430,448,466,484,502,520,538,556,574,592,610,628,646,664,682,700,718 LOWEST
DIST20: DISTANCES GROUPA=358 GROUPB=16,34,52,70,88,106,124,142,160,178,196,214,232,250,268,286,304,322,340,358,376,394,412,430,448,466,484,502,520,538,556,574,592,610,628,646,664,682,700,718 LOWEST
DIST21: DISTANCES GROUPA=376 GROUPB=16,34,52,70,88,106,124,142,160,178,196,214,232,250,268,286,304,322,340,358,376,394,412,430,448,466,484,502,520,538,556,574,592,610,628,646,664,682,700,718 LOWEST
DIST22: DISTANCES GROUPA=394 GROUPB=16,34,52,70,88,106,124,142,160,178,196,214,232,250,268,286,304,322,340,358,376,394,412,430,448,466,484,502,520,538,556,574,592,610,628,646,664,682,700,718 LOWEST
DIST23: DISTANCES GROUPA=412 GROUPB=16,34,52,70,88,106,124,142,160,178,196,214,232,250,268,286,304,322,340,358,376,394,412,430,448,466,484,502,520,538,556,574,592,610,628,646,664,682,700,718 LOWEST
DIST24: DISTANCES GROUPA=430 GROUPB=16,34,52,70,88,106,124,142,160,178,196,214,232,250,268,286,304,322,340,358,376,394,412,430,448,466,484,502,520,538,556,574,592,610,628,646,664,682,700,718 LOWEST
DIST25: DISTANCES GROUPA=448 GROUPB=16,34,52,70,88,106,124,142,160,178,196,214,232,250,268,286,304,322,340,358,376,394,412,430,448,466,484,502,520,538,556,574,592,610,628,646,664,682,700,718 LOWEST
DIST26: DISTANCES GROUPA=466 GROUPB=16,34,52,70,88,106,124,142,160,178,196,214,232,250,268,286,304,322,340,358,376,394,412,430,448,466,484,502,520,538,556,574,592,610,628,646,664,682,700,718 LOWEST
DIST27: DISTANCES GROUPA=484 GROUPB=16,34,52,70,88,106,124,142,160,178,196,214,232,250,268,286,304,322,340,358,376,394,412,430,448,466,484,502,520,538,556,574,592,610,628,646,664,682,700,718 LOWEST
DIST28: DISTANCES GROUPA=502 GROUPB=16,34,52,70,88,106,124,142,160,178,196,214,232,250,268,286,304,322,340,358,376,394,412,430,448,466,484,502,520,538,556,574,592,610,628,646,664,682,700,718 LOWEST
DIST29: DISTANCES GROUPA=520 GROUPB=16,34,52,70,88,106,124,142,160,178,196,214,232,250,268,286,304,322,340,358,376,394,412,430,448,466,484,502,520,538,556,574,592,610,628,646,664,682,700,718 LOWEST
DIST30: DISTANCES GROUPA=538 GROUPB=16,34,52,70,88,106,124,142,160,178,196,214,232,250,268,286,304,322,340,358,376,394,412,430,448,466,484,502,520,538,556,574,592,610,628,646,664,682,700,718 LOWEST
DIST31: DISTANCES GROUPA=556 GROUPB=16,34,52,70,88,106,124,142,160,178,196,214,232,250,268,286,304,322,340,358,376,394,412,430,448,466,484,502,520,538,556,574,592,610,628,646,664,682,700,718 LOWEST
DIST32: DISTANCES GROUPA=574 GROUPB=16,34,52,70,88,106,124,142,160,178,196,214,232,250,268,286,304,322,340,358,376,394,412,430,448,466,484,502,520,538,556,574,592,610,628,646,664,682,700,718 LOWEST
DIST33: DISTANCES GROUPA=592 GROUPB=16,34,52,70,88,106,124,142,160,178,196,214,232,250,268,286,304,322,340,358,376,394,412,430,448,466,484,502,520,538,556,574,592,610,628,646,664,682,700,718 LOWEST
DIST34: DISTANCES GROUPA=610 GROUPB=16,34,52,70,88,106,124,142,160,178,196,214,232,250,268,286,304,322,340,358,376,394,412,430,448,466,484,502,520,538,556,574,592,610,628,646,664,682,700,718 LOWEST
DIST35: DISTANCES GROUPA=628 GROUPB=16,34,52,70,88,106,124,142,160,178,196,214,232,250,268,286,304,322,340,358,376,394,412,430,448,466,484,502,520,538,556,574,592,610,628,646,664,682,700,718 LOWEST
DIST36: DISTANCES GROUPA=646 GROUPB=16,34,52,70,88,106,124,142,160,178,196,214,232,250,268,286,304,322,340,358,376,394,412,430,448,466,484,502,520,538,556,574,592,610,628,646,664,682,700,718 LOWEST
DIST37: DISTANCES GROUPA=664 GROUPB=16,34,52,70,88,106,124,142,160,178,196,214,232,250,268,286,304,322,340,358,376,394,412,430,448,466,484,502,520,538,556,574,592,610,628,646,664,682,700,718 LOWEST
DIST38: DISTANCES GROUPA=682 GROUPB=16,34,52,70,88,106,124,142,160,178,196,214,232,250,268,286,304,322,340,358,376,394,412,430,448,466,484,502,520,538,556,574,592,610,628,646,664,682,700,718 LOWEST
DIST39: DISTANCES GROUPA=700 GROUPB=16,34,52,70,88,106,124,142,160,178,196,214,232,250,268,286,304,322,340,358,376,394,412,430,448,466,484,502,520,538,556,574,592,610,628,646,664,682,700,718 LOWEST
DIST40: DISTANCES GROUPA=718 GROUPB=16,34,52,70,88,106,124,142,160,178,196,214,232,250,268,286,304,322,340,358,376,394,412,430,448,466,484,502,520,538,556,574,592,610,628,646,664,682,700,718 LOWEST

CONTACTS1: COORDINATIONNUMBER SPECIESA=4,5,6 SPECIESB=1,2,3,19,20,21,37,38,39,55,56,57,73,74,75,91,92,93,109,110,111,127,128,129,145,146,147,163,164,165,181,182,183,199,200,201,217,218,219,235,236,237,253,254,255,271,272,273,289,290,291,307,308,309,325,326,327,343,344,345,361,362,363,379,380,381,397,398,399,415,416,417,433,434,435,451,452,453,469,470,471,487,488,489,505,506,507,523,524,525,541,542,543,559,560,561,577,578,579,595,596,597,613,614,615,631,632,633,649,650,651,667,668,669,685,686,687,703,704,705 SWITCH={RATIONAL R_0=0.55 D_MAX=2.1} MEAN
CONTACTS2: COORDINATIONNUMBER SPECIESA=22,23,24 SPECIESB=1,2,3,19,20,21,37,38,39,55,56,57,73,74,75,91,92,93,109,110,111,127,128,129,145,146,147,163,164,165,181,182,183,199,200,201,217,218,219,235,236,237,253,254,255,271,272,273,289,290,291,307,308,309,325,326,327,343,344,345,361,362,363,379,380,381,397,398,399,415,416,417,433,434,435,451,452,453,469,470,471,487,488,489,505,506,507,523,524,525,541,542,543,559,560,561,577,578,579,595,596,597,613,614,615,631,632,633,649,650,651,667,668,669,685,686,687,703,704,705  SWITCH={RATIONAL R_0=0.55 D_MAX=2.1} MEAN
CONTACTS3: COORDINATIONNUMBER SPECIESA=40,41,42 SPECIESB=1,2,3,19,20,21,37,38,39,55,56,57,73,74,75,91,92,93,109,110,111,127,128,129,145,146,147,163,164,165,181,182,183,199,200,201,217,218,219,235,236,237,253,254,255,271,272,273,289,290,291,307,308,309,325,326,327,343,344,345,361,362,363,379,380,381,397,398,399,415,416,417,433,434,435,451,452,453,469,470,471,487,488,489,505,506,507,523,524,525,541,542,543,559,560,561,577,578,579,595,596,597,613,614,615,631,632,633,649,650,651,667,668,669,685,686,687,703,704,705  SWITCH={RATIONAL R_0=0.55 D_MAX=2.1} MEAN
CONTACTS4: COORDINATIONNUMBER SPECIESA=58,59,60 SPECIESB=1,2,3,19,20,21,37,38,39,55,56,57,73,74,75,91,92,93,109,110,111,127,128,129,145,146,147,163,164,165,181,182,183,199,200,201,217,218,219,235,236,237,253,254,255,271,272,273,289,290,291,307,308,309,325,326,327,343,344,345,361,362,363,379,380,381,397,398,399,415,416,417,433,434,435,451,452,453,469,470,471,487,488,489,505,506,507,523,524,525,541,542,543,559,560,561,577,578,579,595,596,597,613,614,615,631,632,633,649,650,651,667,668,669,685,686,687,703,704,705  SWITCH={RATIONAL R_0=0.55 D_MAX=2.1} MEAN
CONTACTS5: COORDINATIONNUMBER SPECIESA=76,77,78 SPECIESB=1,2,3,19,20,21,37,38,39,55,56,57,73,74,75,91,92,93,109,110,111,127,128,129,145,146,147,163,164,165,181,182,183,199,200,201,217,218,219,235,236,237,253,254,255,271,272,273,289,290,291,307,308,309,325,326,327,343,344,345,361,362,363,379,380,381,397,398,399,415,416,417,433,434,435,451,452,453,469,470,471,487,488,489,505,506,507,523,524,525,541,542,543,559,560,561,577,578,579,595,596,597,613,614,615,631,632,633,649,650,651,667,668,669,685,686,687,703,704,705  SWITCH={RATIONAL R_0=0.55 D_MAX=2.1} MEAN
CONTACTS6: COORDINATIONNUMBER SPECIESA=94,95,96 SPECIESB=1,2,3,19,20,21,37,38,39,55,56,57,73,74,75,91,92,93,109,110,111,127,128,129,145,146,147,163,164,165,181,182,183,199,200,201,217,218,219,235,236,237,253,254,255,271,272,273,289,290,291,307,308,309,325,326,327,343,344,345,361,362,363,379,380,381,397,398,399,415,416,417,433,434,435,451,452,453,469,470,471,487,488,489,505,506,507,523,524,525,541,542,543,559,560,561,577,578,579,595,596,597,613,614,615,631,632,633,649,650,651,667,668,669,685,686,687,703,704,705   SWITCH={RATIONAL R_0=0.55 D_MAX=2.1} MEAN
CONTACTS7: COORDINATIONNUMBER SPECIESA=112,113,114 SPECIESB=1,2,3,19,20,21,37,38,39,55,56,57,73,74,75,91,92,93,109,110,111,127,128,129,145,146,147,163,164,165,181,182,183,199,200,201,217,218,219,235,236,237,253,254,255,271,272,273,289,290,291,307,308,309,325,326,327,343,344,345,361,362,363,379,380,381,397,398,399,415,416,417,433,434,435,451,452,453,469,470,471,487,488,489,505,506,507,523,524,525,541,542,543,559,560,561,577,578,579,595,596,597,613,614,615,631,632,633,649,650,651,667,668,669,685,686,687,703,704,705   SWITCH={RATIONAL R_0=0.55 D_MAX=2.1} MEAN
CONTACTS8: COORDINATIONNUMBER SPECIESA=130,131,132 SPECIESB=1,2,3,19,20,21,37,38,39,55,56,57,73,74,75,91,92,93,109,110,111,127,128,129,145,146,147,163,164,165,181,182,183,199,200,201,217,218,219,235,236,237,253,254,255,271,272,273,289,290,291,307,308,309,325,326,327,343,344,345,361,362,363,379,380,381,397,398,399,415,416,417,433,434,435,451,452,453,469,470,471,487,488,489,505,506,507,523,524,525,541,542,543,559,560,561,577,578,579,595,596,597,613,614,615,631,632,633,649,650,651,667,668,669,685,686,687,703,704,705   SWITCH={RATIONAL R_0=0.55 D_MAX=2.1} MEAN
CONTACTS9: COORDINATIONNUMBER SPECIESA=148,149,150 SPECIESB=1,2,3,19,20,21,37,38,39,55,56,57,73,74,75,91,92,93,109,110,111,127,128,129,145,146,147,163,164,165,181,182,183,199,200,201,217,218,219,235,236,237,253,254,255,271,272,273,289,290,291,307,308,309,325,326,327,343,344,345,361,362,363,379,380,381,397,398,399,415,416,417,433,434,435,451,452,453,469,470,471,487,488,489,505,506,507,523,524,525,541,542,543,559,560,561,577,578,579,595,596,597,613,614,615,631,632,633,649,650,651,667,668,669,685,686,687,703,704,705   SWITCH={RATIONAL R_0=0.55 D_MAX=2.1} MEAN
CONTACTS10: COORDINATIONNUMBER SPECIESA=166,167,168 SPECIESB=1,2,3,19,20,21,37,38,39,55,56,57,73,74,75,91,92,93,109,110,111,127,128,129,145,146,147,163,164,165,181,182,183,199,200,201,217,218,219,235,236,237,253,254,255,271,272,273,289,290,291,307,308,309,325,326,327,343,344,345,361,362,363,379,380,381,397,398,399,415,416,417,433,434,435,451,452,453,469,470,471,487,488,489,505,506,507,523,524,525,541,542,543,559,560,561,577,578,579,595,596,597,613,614,615,631,632,633,649,650,651,667,668,669,685,686,687,703,704,705   SWITCH={RATIONAL R_0=0.55 D_MAX=2.1} MEAN
CONTACTS11: COORDINATIONNUMBER SPECIESA=184,185,186 SPECIESB=1,2,3,19,20,21,37,38,39,55,56,57,73,74,75,91,92,93,109,110,111,127,128,129,145,146,147,163,164,165,181,182,183,199,200,201,217,218,219,235,236,237,253,254,255,271,272,273,289,290,291,307,308,309,325,326,327,343,344,345,361,362,363,379,380,381,397,398,399,415,416,417,433,434,435,451,452,453,469,470,471,487,488,489,505,506,507,523,524,525,541,542,543,559,560,561,577,578,579,595,596,597,613,614,615,631,632,633,649,650,651,667,668,669,685,686,687,703,704,705   SWITCH={RATIONAL R_0=0.55 D_MAX=2.1} MEAN
CONTACTS12: COORDINATIONNUMBER SPECIESA=202,203,204 SPECIESB=1,2,3,19,20,21,37,38,39,55,56,57,73,74,75,91,92,93,109,110,111,127,128,129,145,146,147,163,164,165,181,182,183,199,200,201,217,218,219,235,236,237,253,254,255,271,272,273,289,290,291,307,308,309,325,326,327,343,344,345,361,362,363,379,380,381,397,398,399,415,416,417,433,434,435,451,452,453,469,470,471,487,488,489,505,506,507,523,524,525,541,542,543,559,560,561,577,578,579,595,596,597,613,614,615,631,632,633,649,650,651,667,668,669,685,686,687,703,704,705   SWITCH={RATIONAL R_0=0.55 D_MAX=2.1} MEAN
CONTACTS13: COORDINATIONNUMBER SPECIESA=220,221,222 SPECIESB=1,2,3,19,20,21,37,38,39,55,56,57,73,74,75,91,92,93,109,110,111,127,128,129,145,146,147,163,164,165,181,182,183,199,200,201,217,218,219,235,236,237,253,254,255,271,272,273,289,290,291,307,308,309,325,326,327,343,344,345,361,362,363,379,380,381,397,398,399,415,416,417,433,434,435,451,452,453,469,470,471,487,488,489,505,506,507,523,524,525,541,542,543,559,560,561,577,578,579,595,596,597,613,614,615,631,632,633,649,650,651,667,668,669,685,686,687,703,704,705   SWITCH={RATIONAL R_0=0.55 D_MAX=2.1} MEAN
CONTACTS14: COORDINATIONNUMBER SPECIESA=238,239,240 SPECIESB=1,2,3,19,20,21,37,38,39,55,56,57,73,74,75,91,92,93,109,110,111,127,128,129,145,146,147,163,164,165,181,182,183,199,200,201,217,218,219,235,236,237,253,254,255,271,272,273,289,290,291,307,308,309,325,326,327,343,344,345,361,362,363,379,380,381,397,398,399,415,416,417,433,434,435,451,452,453,469,470,471,487,488,489,505,506,507,523,524,525,541,542,543,559,560,561,577,578,579,595,596,597,613,614,615,631,632,633,649,650,651,667,668,669,685,686,687,703,704,705   SWITCH={RATIONAL R_0=0.55 D_MAX=2.1} MEAN
CONTACTS15: COORDINATIONNUMBER SPECIESA=256,257,258 SPECIESB=1,2,3,19,20,21,37,38,39,55,56,57,73,74,75,91,92,93,109,110,111,127,128,129,145,146,147,163,164,165,181,182,183,199,200,201,217,218,219,235,236,237,253,254,255,271,272,273,289,290,291,307,308,309,325,326,327,343,344,345,361,362,363,379,380,381,397,398,399,415,416,417,433,434,435,451,452,453,469,470,471,487,488,489,505,506,507,523,524,525,541,542,543,559,560,561,577,578,579,595,596,597,613,614,615,631,632,633,649,650,651,667,668,669,685,686,687,703,704,705   SWITCH={RATIONAL R_0=0.55 D_MAX=2.1} MEAN
CONTACTS16: COORDINATIONNUMBER SPECIESA=274,275,276 SPECIESB=1,2,3,19,20,21,37,38,39,55,56,57,73,74,75,91,92,93,109,110,111,127,128,129,145,146,147,163,164,165,181,182,183,199,200,201,217,218,219,235,236,237,253,254,255,271,272,273,289,290,291,307,308,309,325,326,327,343,344,345,361,362,363,379,380,381,397,398,399,415,416,417,433,434,435,451,452,453,469,470,471,487,488,489,505,506,507,523,524,525,541,542,543,559,560,561,577,578,579,595,596,597,613,614,615,631,632,633,649,650,651,667,668,669,685,686,687,703,704,705   SWITCH={RATIONAL R_0=0.55 D_MAX=2.1} MEAN
CONTACTS17: COORDINATIONNUMBER SPECIESA=292,293,294 SPECIESB=1,2,3,19,20,21,37,38,39,55,56,57,73,74,75,91,92,93,109,110,111,127,128,129,145,146,147,163,164,165,181,182,183,199,200,201,217,218,219,235,236,237,253,254,255,271,272,273,289,290,291,307,308,309,325,326,327,343,344,345,361,362,363,379,380,381,397,398,399,415,416,417,433,434,435,451,452,453,469,470,471,487,488,489,505,506,507,523,524,525,541,542,543,559,560,561,577,578,579,595,596,597,613,614,615,631,632,633,649,650,651,667,668,669,685,686,687,703,704,705   SWITCH={RATIONAL R_0=0.55 D_MAX=2.1} MEAN
CONTACTS18: COORDINATIONNUMBER SPECIESA=310,311,312 SPECIESB=1,2,3,19,20,21,37,38,39,55,56,57,73,74,75,91,92,93,109,110,111,127,128,129,145,146,147,163,164,165,181,182,183,199,200,201,217,218,219,235,236,237,253,254,255,271,272,273,289,290,291,307,308,309,325,326,327,343,344,345,361,362,363,379,380,381,397,398,399,415,416,417,433,434,435,451,452,453,469,470,471,487,488,489,505,506,507,523,524,525,541,542,543,559,560,561,577,578,579,595,596,597,613,614,615,631,632,633,649,650,651,667,668,669,685,686,687,703,704,705   SWITCH={RATIONAL R_0=0.55 D_MAX=2.1} MEAN
CONTACTS19: COORDINATIONNUMBER SPECIESA=328,329,330 SPECIESB=1,2,3,19,20,21,37,38,39,55,56,57,73,74,75,91,92,93,109,110,111,127,128,129,145,146,147,163,164,165,181,182,183,199,200,201,217,218,219,235,236,237,253,254,255,271,272,273,289,290,291,307,308,309,325,326,327,343,344,345,361,362,363,379,380,381,397,398,399,415,416,417,433,434,435,451,452,453,469,470,471,487,488,489,505,506,507,523,524,525,541,542,543,559,560,561,577,578,579,595,596,597,613,614,615,631,632,633,649,650,651,667,668,669,685,686,687,703,704,705   SWITCH={RATIONAL R_0=0.55 D_MAX=2.1} MEAN
CONTACTS20: COORDINATIONNUMBER SPECIESA=346,347,348 SPECIESB=1,2,3,19,20,21,37,38,39,55,56,57,73,74,75,91,92,93,109,110,111,127,128,129,145,146,147,163,164,165,181,182,183,199,200,201,217,218,219,235,236,237,253,254,255,271,272,273,289,290,291,307,308,309,325,326,327,343,344,345,361,362,363,379,380,381,397,398,399,415,416,417,433,434,435,451,452,453,469,470,471,487,488,489,505,506,507,523,524,525,541,542,543,559,560,561,577,578,579,595,596,597,613,614,615,631,632,633,649,650,651,667,668,669,685,686,687,703,704,705   SWITCH={RATIONAL R_0=0.55 D_MAX=2.1} MEAN
CONTACTS21: COORDINATIONNUMBER SPECIESA=364,365,366 SPECIESB=1,2,3,19,20,21,37,38,39,55,56,57,73,74,75,91,92,93,109,110,111,127,128,129,145,146,147,163,164,165,181,182,183,199,200,201,217,218,219,235,236,237,253,254,255,271,272,273,289,290,291,307,308,309,325,326,327,343,344,345,361,362,363,379,380,381,397,398,399,415,416,417,433,434,435,451,452,453,469,470,471,487,488,489,505,506,507,523,524,525,541,542,543,559,560,561,577,578,579,595,596,597,613,614,615,631,632,633,649,650,651,667,668,669,685,686,687,703,704,705    SWITCH={RATIONAL R_0=0.55 D_MAX=2.1} MEAN
CONTACTS22: COORDINATIONNUMBER SPECIESA=382,383,384 SPECIESB=1,2,3,19,20,21,37,38,39,55,56,57,73,74,75,91,92,93,109,110,111,127,128,129,145,146,147,163,164,165,181,182,183,199,200,201,217,218,219,235,236,237,253,254,255,271,272,273,289,290,291,307,308,309,325,326,327,343,344,345,361,362,363,379,380,381,397,398,399,415,416,417,433,434,435,451,452,453,469,470,471,487,488,489,505,506,507,523,524,525,541,542,543,559,560,561,577,578,579,595,596,597,613,614,615,631,632,633,649,650,651,667,668,669,685,686,687,703,704,705    SWITCH={RATIONAL R_0=0.55 D_MAX=2.1} MEAN
CONTACTS23: COORDINATIONNUMBER SPECIESA=400,401,402 SPECIESB=1,2,3,19,20,21,37,38,39,55,56,57,73,74,75,91,92,93,109,110,111,127,128,129,145,146,147,163,164,165,181,182,183,199,200,201,217,218,219,235,236,237,253,254,255,271,272,273,289,290,291,307,308,309,325,326,327,343,344,345,361,362,363,379,380,381,397,398,399,415,416,417,433,434,435,451,452,453,469,470,471,487,488,489,505,506,507,523,524,525,541,542,543,559,560,561,577,578,579,595,596,597,613,614,615,631,632,633,649,650,651,667,668,669,685,686,687,703,704,705    SWITCH={RATIONAL R_0=0.55 D_MAX=2.1} MEAN
CONTACTS24: COORDINATIONNUMBER SPECIESA=418,419,420 SPECIESB=1,2,3,19,20,21,37,38,39,55,56,57,73,74,75,91,92,93,109,110,111,127,128,129,145,146,147,163,164,165,181,182,183,199,200,201,217,218,219,235,236,237,253,254,255,271,272,273,289,290,291,307,308,309,325,326,327,343,344,345,361,362,363,379,380,381,397,398,399,415,416,417,433,434,435,451,452,453,469,470,471,487,488,489,505,506,507,523,524,525,541,542,543,559,560,561,577,578,579,595,596,597,613,614,615,631,632,633,649,650,651,667,668,669,685,686,687,703,704,705    SWITCH={RATIONAL R_0=0.55 D_MAX=2.1} MEAN
CONTACTS25: COORDINATIONNUMBER SPECIESA=436,437,438 SPECIESB=1,2,3,19,20,21,37,38,39,55,56,57,73,74,75,91,92,93,109,110,111,127,128,129,145,146,147,163,164,165,181,182,183,199,200,201,217,218,219,235,236,237,253,254,255,271,272,273,289,290,291,307,308,309,325,326,327,343,344,345,361,362,363,379,380,381,397,398,399,415,416,417,433,434,435,451,452,453,469,470,471,487,488,489,505,506,507,523,524,525,541,542,543,559,560,561,577,578,579,595,596,597,613,614,615,631,632,633,649,650,651,667,668,669,685,686,687,703,704,705    SWITCH={RATIONAL R_0=0.55 D_MAX=2.1} MEAN
CONTACTS26: COORDINATIONNUMBER SPECIESA=454,455,456 SPECIESB=1,2,3,19,20,21,37,38,39,55,56,57,73,74,75,91,92,93,109,110,111,127,128,129,145,146,147,163,164,165,181,182,183,199,200,201,217,218,219,235,236,237,253,254,255,271,272,273,289,290,291,307,308,309,325,326,327,343,344,345,361,362,363,379,380,381,397,398,399,415,416,417,433,434,435,451,452,453,469,470,471,487,488,489,505,506,507,523,524,525,541,542,543,559,560,561,577,578,579,595,596,597,613,614,615,631,632,633,649,650,651,667,668,669,685,686,687,703,704,705    SWITCH={RATIONAL R_0=0.55 D_MAX=2.1} MEAN
CONTACTS27: COORDINATIONNUMBER SPECIESA=472,473,474 SPECIESB=1,2,3,19,20,21,37,38,39,55,56,57,73,74,75,91,92,93,109,110,111,127,128,129,145,146,147,163,164,165,181,182,183,199,200,201,217,218,219,235,236,237,253,254,255,271,272,273,289,290,291,307,308,309,325,326,327,343,344,345,361,362,363,379,380,381,397,398,399,415,416,417,433,434,435,451,452,453,469,470,471,487,488,489,505,506,507,523,524,525,541,542,543,559,560,561,577,578,579,595,596,597,613,614,615,631,632,633,649,650,651,667,668,669,685,686,687,703,704,705    SWITCH={RATIONAL R_0=0.55 D_MAX=2.1} MEAN
CONTACTS28: COORDINATIONNUMBER SPECIESA=490,491,492 SPECIESB=1,2,3,19,20,21,37,38,39,55,56,57,73,74,75,91,92,93,109,110,111,127,128,129,145,146,147,163,164,165,181,182,183,199,200,201,217,218,219,235,236,237,253,254,255,271,272,273,289,290,291,307,308,309,325,326,327,343,344,345,361,362,363,379,380,381,397,398,399,415,416,417,433,434,435,451,452,453,469,470,471,487,488,489,505,506,507,523,524,525,541,542,543,559,560,561,577,578,579,595,596,597,613,614,615,631,632,633,649,650,651,667,668,669,685,686,687,703,704,705    SWITCH={RATIONAL R_0=0.55 D_MAX=2.1} MEAN
CONTACTS29: COORDINATIONNUMBER SPECIESA=508,509,510 SPECIESB=1,2,3,19,20,21,37,38,39,55,56,57,73,74,75,91,92,93,109,110,111,127,128,129,145,146,147,163,164,165,181,182,183,199,200,201,217,218,219,235,236,237,253,254,255,271,272,273,289,290,291,307,308,309,325,326,327,343,344,345,361,362,363,379,380,381,397,398,399,415,416,417,433,434,435,451,452,453,469,470,471,487,488,489,505,506,507,523,524,525,541,542,543,559,560,561,577,578,579,595,596,597,613,614,615,631,632,633,649,650,651,667,668,669,685,686,687,703,704,705    SWITCH={RATIONAL R_0=0.55 D_MAX=2.1} MEAN
CONTACTS30: COORDINATIONNUMBER SPECIESA=526,527,528 SPECIESB=1,2,3,19,20,21,37,38,39,55,56,57,73,74,75,91,92,93,109,110,111,127,128,129,145,146,147,163,164,165,181,182,183,199,200,201,217,218,219,235,236,237,253,254,255,271,272,273,289,290,291,307,308,309,325,326,327,343,344,345,361,362,363,379,380,381,397,398,399,415,416,417,433,434,435,451,452,453,469,470,471,487,488,489,505,506,507,523,524,525,541,542,543,559,560,561,577,578,579,595,596,597,613,614,615,631,632,633,649,650,651,667,668,669,685,686,687,703,704,705    SWITCH={RATIONAL R_0=0.55 D_MAX=2.1} MEAN
CONTACTS31: COORDINATIONNUMBER SPECIESA=544,545,546 SPECIESB=1,2,3,19,20,21,37,38,39,55,56,57,73,74,75,91,92,93,109,110,111,127,128,129,145,146,147,163,164,165,181,182,183,199,200,201,217,218,219,235,236,237,253,254,255,271,272,273,289,290,291,307,308,309,325,326,327,343,344,345,361,362,363,379,380,381,397,398,399,415,416,417,433,434,435,451,452,453,469,470,471,487,488,489,505,506,507,523,524,525,541,542,543,559,560,561,577,578,579,595,596,597,613,614,615,631,632,633,649,650,651,667,668,669,685,686,687,703,704,705    SWITCH={RATIONAL R_0=0.55 D_MAX=2.1} MEAN
CONTACTS32: COORDINATIONNUMBER SPECIESA=562,563,564 SPECIESB=1,2,3,19,20,21,37,38,39,55,56,57,73,74,75,91,92,93,109,110,111,127,128,129,145,146,147,163,164,165,181,182,183,199,200,201,217,218,219,235,236,237,253,254,255,271,272,273,289,290,291,307,308,309,325,326,327,343,344,345,361,362,363,379,380,381,397,398,399,415,416,417,433,434,435,451,452,453,469,470,471,487,488,489,505,506,507,523,524,525,541,542,543,559,560,561,577,578,579,595,596,597,613,614,615,631,632,633,649,650,651,667,668,669,685,686,687,703,704,705    SWITCH={RATIONAL R_0=0.55 D_MAX=2.1} MEAN
CONTACTS33: COORDINATIONNUMBER SPECIESA=580,581,582 SPECIESB=1,2,3,19,20,21,37,38,39,55,56,57,73,74,75,91,92,93,109,110,111,127,128,129,145,146,147,163,164,165,181,182,183,199,200,201,217,218,219,235,236,237,253,254,255,271,272,273,289,290,291,307,308,309,325,326,327,343,344,345,361,362,363,379,380,381,397,398,399,415,416,417,433,434,435,451,452,453,469,470,471,487,488,489,505,506,507,523,524,525,541,542,543,559,560,561,577,578,579,595,596,597,613,614,615,631,632,633,649,650,651,667,668,669,685,686,687,703,704,705    SWITCH={RATIONAL R_0=0.55 D_MAX=2.1} MEAN
CONTACTS34: COORDINATIONNUMBER SPECIESA=598,599,600 SPECIESB=1,2,3,19,20,21,37,38,39,55,56,57,73,74,75,91,92,93,109,110,111,127,128,129,145,146,147,163,164,165,181,182,183,199,200,201,217,218,219,235,236,237,253,254,255,271,272,273,289,290,291,307,308,309,325,326,327,343,344,345,361,362,363,379,380,381,397,398,399,415,416,417,433,434,435,451,452,453,469,470,471,487,488,489,505,506,507,523,524,525,541,542,543,559,560,561,577,578,579,595,596,597,613,614,615,631,632,633,649,650,651,667,668,669,685,686,687,703,704,705    SWITCH={RATIONAL R_0=0.55 D_MAX=2.1} MEAN
CONTACTS35: COORDINATIONNUMBER SPECIESA=616,617,618 SPECIESB=1,2,3,19,20,21,37,38,39,55,56,57,73,74,75,91,92,93,109,110,111,127,128,129,145,146,147,163,164,165,181,182,183,199,200,201,217,218,219,235,236,237,253,254,255,271,272,273,289,290,291,307,308,309,325,326,327,343,344,345,361,362,363,379,380,381,397,398,399,415,416,417,433,434,435,451,452,453,469,470,471,487,488,489,505,506,507,523,524,525,541,542,543,559,560,561,577,578,579,595,596,597,613,614,615,631,632,633,649,650,651,667,668,669,685,686,687,703,704,705    SWITCH={RATIONAL R_0=0.55 D_MAX=2.1} MEAN
CONTACTS36: COORDINATIONNUMBER SPECIESA=634,635,636 SPECIESB=1,2,3,19,20,21,37,38,39,55,56,57,73,74,75,91,92,93,109,110,111,127,128,129,145,146,147,163,164,165,181,182,183,199,200,201,217,218,219,235,236,237,253,254,255,271,272,273,289,290,291,307,308,309,325,326,327,343,344,345,361,362,363,379,380,381,397,398,399,415,416,417,433,434,435,451,452,453,469,470,471,487,488,489,505,506,507,523,524,525,541,542,543,559,560,561,577,578,579,595,596,597,613,614,615,631,632,633,649,650,651,667,668,669,685,686,687,703,704,705    SWITCH={RATIONAL R_0=0.55 D_MAX=2.1} MEAN
CONTACTS37: COORDINATIONNUMBER SPECIESA=652,653,654 SPECIESB=1,2,3,19,20,21,37,38,39,55,56,57,73,74,75,91,92,93,109,110,111,127,128,129,145,146,147,163,164,165,181,182,183,199,200,201,217,218,219,235,236,237,253,254,255,271,272,273,289,290,291,307,308,309,325,326,327,343,344,345,361,362,363,379,380,381,397,398,399,415,416,417,433,434,435,451,452,453,469,470,471,487,488,489,505,506,507,523,524,525,541,542,543,559,560,561,577,578,579,595,596,597,613,614,615,631,632,633,649,650,651,667,668,669,685,686,687,703,704,705    SWITCH={RATIONAL R_0=0.55 D_MAX=2.1} MEAN
CONTACTS38: COORDINATIONNUMBER SPECIESA=670,671,672 SPECIESB=1,2,3,19,20,21,37,38,39,55,56,57,73,74,75,91,92,93,109,110,111,127,128,129,145,146,147,163,164,165,181,182,183,199,200,201,217,218,219,235,236,237,253,254,255,271,272,273,289,290,291,307,308,309,325,326,327,343,344,345,361,362,363,379,380,381,397,398,399,415,416,417,433,434,435,451,452,453,469,470,471,487,488,489,505,506,507,523,524,525,541,542,543,559,560,561,577,578,579,595,596,597,613,614,615,631,632,633,649,650,651,667,668,669,685,686,687,703,704,705    SWITCH={RATIONAL R_0=0.55 D_MAX=2.1} MEAN
CONTACTS39: COORDINATIONNUMBER SPECIESA=688,689,690 SPECIESB=1,2,3,19,20,21,37,38,39,55,56,57,73,74,75,91,92,93,109,110,111,127,128,129,145,146,147,163,164,165,181,182,183,199,200,201,217,218,219,235,236,237,253,254,255,271,272,273,289,290,291,307,308,309,325,326,327,343,344,345,361,362,363,379,380,381,397,398,399,415,416,417,433,434,435,451,452,453,469,470,471,487,488,489,505,506,507,523,524,525,541,542,543,559,560,561,577,578,579,595,596,597,613,614,615,631,632,633,649,650,651,667,668,669,685,686,687,703,704,705    SWITCH={RATIONAL R_0=0.55 D_MAX=2.1} MEAN
CONTACTS40: COORDINATIONNUMBER SPECIESA=706,707,708 SPECIESB=1,2,3,19,20,21,37,38,39,55,56,57,73,74,75,91,92,93,109,110,111,127,128,129,145,146,147,163,164,165,181,182,183,199,200,201,217,218,219,235,236,237,253,254,255,271,272,273,289,290,291,307,308,309,325,326,327,343,344,345,361,362,363,379,380,381,397,398,399,415,416,417,433,434,435,451,452,453,469,470,471,487,488,489,505,506,507,523,524,525,541,542,543,559,560,561,577,578,579,595,596,597,613,614,615,631,632,633,649,650,651,667,668,669,685,686,687,703,704,705    SWITCH={RATIONAL R_0=0.55 D_MAX=2.1} MEAN


CP1: COORDINATIONNUMBER SPECIESA=16 SPECIESB=16,34,52,70,88,106,124,142,160,178,196,214,232,250,268,286,304,322,340,358,376,394,412,430,448,466,484,502,520,538,556,574,592,610,628,646,664,682,700,718 SWITCH={RATIONAL R_0=0.38 D_0=0.00 D_MAX=2.1} MEAN
CP2: COORDINATIONNUMBER SPECIESA=34 SPECIESB=16,34,52,70,88,106,124,142,160,178,196,214,232,250,268,286,304,322,340,358,376,394,412,430,448,466,484,502,520,538,556,574,592,610,628,646,664,682,700,718 SWITCH={RATIONAL R_0=0.38 D_0=0.00 D_MAX=2.1} MEAN
CP3: COORDINATIONNUMBER SPECIESA=52 SPECIESB=16,34,52,70,88,106,124,142,160,178,196,214,232,250,268,286,304,322,340,358,376,394,412,430,448,466,484,502,520,538,556,574,592,610,628,646,664,682,700,718 SWITCH={RATIONAL R_0=0.38 D_0=0.00 D_MAX=2.1} MEAN
CP4: COORDINATIONNUMBER SPECIESA=70 SPECIESB=16,34,52,70,88,106,124,142,160,178,196,214,232,250,268,286,304,322,340,358,376,394,412,430,448,466,484,502,520,538,556,574,592,610,628,646,664,682,700,718 SWITCH={RATIONAL R_0=0.38 D_0=0.00 D_MAX=2.1} MEAN
CP5: COORDINATIONNUMBER SPECIESA=88 SPECIESB=16,34,52,70,88,106,124,142,160,178,196,214,232,250,268,286,304,322,340,358,376,394,412,430,448,466,484,502,520,538,556,574,592,610,628,646,664,682,700,718 SWITCH={RATIONAL R_0=0.38 D_0=0.00 D_MAX=2.1} MEAN
CP6: COORDINATIONNUMBER SPECIESA=106 SPECIESB=16,34,52,70,88,106,124,142,160,178,196,214,232,250,268,286,304,322,340,358,376,394,412,430,448,466,484,502,520,538,556,574,592,610,628,646,664,682,700,718 SWITCH={RATIONAL R_0=0.38 D_0=0.00 D_MAX=2.1} MEAN
CP7: COORDINATIONNUMBER SPECIESA=124 SPECIESB=16,34,52,70,88,106,124,142,160,178,196,214,232,250,268,286,304,322,340,358,376,394,412,430,448,466,484,502,520,538,556,574,592,610,628,646,664,682,700,718 SWITCH={RATIONAL R_0=0.38 D_0=0.00 D_MAX=2.1} MEAN
CP8: COORDINATIONNUMBER SPECIESA=142 SPECIESB=16,34,52,70,88,106,124,142,160,178,196,214,232,250,268,286,304,322,340,358,376,394,412,430,448,466,484,502,520,538,556,574,592,610,628,646,664,682,700,718 SWITCH={RATIONAL R_0=0.38 D_0=0.00 D_MAX=2.1} MEAN
CP9: COORDINATIONNUMBER SPECIESA=160 SPECIESB=16,34,52,70,88,106,124,142,160,178,196,214,232,250,268,286,304,322,340,358,376,394,412,430,448,466,484,502,520,538,556,574,592,610,628,646,664,682,700,718 SWITCH={RATIONAL R_0=0.38 D_0=0.00 D_MAX=2.1} MEAN
CP10: COORDINATIONNUMBER SPECIESA=178 SPECIESB=16,34,52,70,88,106,124,142,160,178,196,214,232,250,268,286,304,322,340,358,376,394,412,430,448,466,484,502,520,538,556,574,592,610,628,646,664,682,700,718 SWITCH={RATIONAL R_0=0.38 D_0=0.00 D_MAX=2.1} MEAN
CP11: COORDINATIONNUMBER SPECIESA=196 SPECIESB=16,34,52,70,88,106,124,142,160,178,196,214,232,250,268,286,304,322,340,358,376,394,412,430,448,466,484,502,520,538,556,574,592,610,628,646,664,682,700,718 SWITCH={RATIONAL R_0=0.38 D_0=0.00 D_MAX=2.1} MEAN
CP12: COORDINATIONNUMBER SPECIESA=214 SPECIESB=16,34,52,70,88,106,124,142,160,178,196,214,232,250,268,286,304,322,340,358,376,394,412,430,448,466,484,502,520,538,556,574,592,610,628,646,664,682,700,718 SWITCH={RATIONAL R_0=0.38 D_0=0.00 D_MAX=2.1} MEAN
CP13: COORDINATIONNUMBER SPECIESA=232 SPECIESB=16,34,52,70,88,106,124,142,160,178,196,214,232,250,268,286,304,322,340,358,376,394,412,430,448,466,484,502,520,538,556,574,592,610,628,646,664,682,700,718 SWITCH={RATIONAL R_0=0.38 D_0=0.00 D_MAX=2.1} MEAN
CP14: COORDINATIONNUMBER SPECIESA=250 SPECIESB=16,34,52,70,88,106,124,142,160,178,196,214,232,250,268,286,304,322,340,358,376,394,412,430,448,466,484,502,520,538,556,574,592,610,628,646,664,682,700,718 SWITCH={RATIONAL R_0=0.38 D_0=0.00 D_MAX=2.1} MEAN
CP15: COORDINATIONNUMBER SPECIESA=268 SPECIESB=16,34,52,70,88,106,124,142,160,178,196,214,232,250,268,286,304,322,340,358,376,394,412,430,448,466,484,502,520,538,556,574,592,610,628,646,664,682,700,718 SWITCH={RATIONAL R_0=0.38 D_0=0.00 D_MAX=2.1} MEAN
CP16: COORDINATIONNUMBER SPECIESA=286 SPECIESB=16,34,52,70,88,106,124,142,160,178,196,214,232,250,268,286,304,322,340,358,376,394,412,430,448,466,484,502,520,538,556,574,592,610,628,646,664,682,700,718 SWITCH={RATIONAL R_0=0.38 D_0=0.00 D_MAX=2.1} MEAN
CP17: COORDINATIONNUMBER SPECIESA=304 SPECIESB=16,34,52,70,88,106,124,142,160,178,196,214,232,250,268,286,304,322,340,358,376,394,412,430,448,466,484,502,520,538,556,574,592,610,628,646,664,682,700,718 SWITCH={RATIONAL R_0=0.38 D_0=0.00 D_MAX=2.1} MEAN
CP18: COORDINATIONNUMBER SPECIESA=322 SPECIESB=16,34,52,70,88,106,124,142,160,178,196,214,232,250,268,286,304,322,340,358,376,394,412,430,448,466,484,502,520,538,556,574,592,610,628,646,664,682,700,718 SWITCH={RATIONAL R_0=0.38 D_0=0.00 D_MAX=2.1} MEAN
CP19: COORDINATIONNUMBER SPECIESA=340 SPECIESB=16,34,52,70,88,106,124,142,160,178,196,214,232,250,268,286,304,322,340,358,376,394,412,430,448,466,484,502,520,538,556,574,592,610,628,646,664,682,700,718 SWITCH={RATIONAL R_0=0.38 D_0=0.00 D_MAX=2.1} MEAN
CP20: COORDINATIONNUMBER SPECIESA=358 SPECIESB=16,34,52,70,88,106,124,142,160,178,196,214,232,250,268,286,304,322,340,358,376,394,412,430,448,466,484,502,520,538,556,574,592,610,628,646,664,682,700,718 SWITCH={RATIONAL R_0=0.38 D_0=0.00 D_MAX=2.1} MEAN
CP21: COORDINATIONNUMBER SPECIESA=376 SPECIESB=16,34,52,70,88,106,124,142,160,178,196,214,232,250,268,286,304,322,340,358,376,394,412,430,448,466,484,502,520,538,556,574,592,610,628,646,664,682,700,718 SWITCH={RATIONAL R_0=0.38 D_0=0.00 D_MAX=2.1} MEAN
CP22: COORDINATIONNUMBER SPECIESA=394 SPECIESB=16,34,52,70,88,106,124,142,160,178,196,214,232,250,268,286,304,322,340,358,376,394,412,430,448,466,484,502,520,538,556,574,592,610,628,646,664,682,700,718 SWITCH={RATIONAL R_0=0.38 D_0=0.00 D_MAX=2.1} MEAN
CP23: COORDINATIONNUMBER SPECIESA=412 SPECIESB=16,34,52,70,88,106,124,142,160,178,196,214,232,250,268,286,304,322,340,358,376,394,412,430,448,466,484,502,520,538,556,574,592,610,628,646,664,682,700,718 SWITCH={RATIONAL R_0=0.38 D_0=0.00 D_MAX=2.1} MEAN
CP24: COORDINATIONNUMBER SPECIESA=430 SPECIESB=16,34,52,70,88,106,124,142,160,178,196,214,232,250,268,286,304,322,340,358,376,394,412,430,448,466,484,502,520,538,556,574,592,610,628,646,664,682,700,718 SWITCH={RATIONAL R_0=0.38 D_0=0.00 D_MAX=2.1} MEAN
CP25: COORDINATIONNUMBER SPECIESA=448 SPECIESB=16,34,52,70,88,106,124,142,160,178,196,214,232,250,268,286,304,322,340,358,376,394,412,430,448,466,484,502,520,538,556,574,592,610,628,646,664,682,700,718 SWITCH={RATIONAL R_0=0.38 D_0=0.00 D_MAX=2.1} MEAN
CP26: COORDINATIONNUMBER SPECIESA=466 SPECIESB=16,34,52,70,88,106,124,142,160,178,196,214,232,250,268,286,304,322,340,358,376,394,412,430,448,466,484,502,520,538,556,574,592,610,628,646,664,682,700,718 SWITCH={RATIONAL R_0=0.38 D_0=0.00 D_MAX=2.1} MEAN
CP27: COORDINATIONNUMBER SPECIESA=484 SPECIESB=16,34,52,70,88,106,124,142,160,178,196,214,232,250,268,286,304,322,340,358,376,394,412,430,448,466,484,502,520,538,556,574,592,610,628,646,664,682,700,718 SWITCH={RATIONAL R_0=0.38 D_0=0.00 D_MAX=2.1} MEAN
CP28: COORDINATIONNUMBER SPECIESA=502 SPECIESB=16,34,52,70,88,106,124,142,160,178,196,214,232,250,268,286,304,322,340,358,376,394,412,430,448,466,484,502,520,538,556,574,592,610,628,646,664,682,700,718 SWITCH={RATIONAL R_0=0.38 D_0=0.00 D_MAX=2.1} MEAN
CP29: COORDINATIONNUMBER SPECIESA=520 SPECIESB=16,34,52,70,88,106,124,142,160,178,196,214,232,250,268,286,304,322,340,358,376,394,412,430,448,466,484,502,520,538,556,574,592,610,628,646,664,682,700,718 SWITCH={RATIONAL R_0=0.38 D_0=0.00 D_MAX=2.1} MEAN
CP30: COORDINATIONNUMBER SPECIESA=538 SPECIESB=16,34,52,70,88,106,124,142,160,178,196,214,232,250,268,286,304,322,340,358,376,394,412,430,448,466,484,502,520,538,556,574,592,610,628,646,664,682,700,718 SWITCH={RATIONAL R_0=0.38 D_0=0.00 D_MAX=2.1} MEAN
CP31: COORDINATIONNUMBER SPECIESA=556 SPECIESB=16,34,52,70,88,106,124,142,160,178,196,214,232,250,268,286,304,322,340,358,376,394,412,430,448,466,484,502,520,538,556,574,592,610,628,646,664,682,700,718 SWITCH={RATIONAL R_0=0.38 D_0=0.00 D_MAX=2.1} MEAN
CP32: COORDINATIONNUMBER SPECIESA=574 SPECIESB=16,34,52,70,88,106,124,142,160,178,196,214,232,250,268,286,304,322,340,358,376,394,412,430,448,466,484,502,520,538,556,574,592,610,628,646,664,682,700,718 SWITCH={RATIONAL R_0=0.38 D_0=0.00 D_MAX=2.1} MEAN
CP33: COORDINATIONNUMBER SPECIESA=592 SPECIESB=16,34,52,70,88,106,124,142,160,178,196,214,232,250,268,286,304,322,340,358,376,394,412,430,448,466,484,502,520,538,556,574,592,610,628,646,664,682,700,718 SWITCH={RATIONAL R_0=0.38 D_0=0.00 D_MAX=2.1} MEAN
CP34: COORDINATIONNUMBER SPECIESA=610 SPECIESB=16,34,52,70,88,106,124,142,160,178,196,214,232,250,268,286,304,322,340,358,376,394,412,430,448,466,484,502,520,538,556,574,592,610,628,646,664,682,700,718 SWITCH={RATIONAL R_0=0.38 D_0=0.00 D_MAX=2.1} MEAN
CP35: COORDINATIONNUMBER SPECIESA=628 SPECIESB=16,34,52,70,88,106,124,142,160,178,196,214,232,250,268,286,304,322,340,358,376,394,412,430,448,466,484,502,520,538,556,574,592,610,628,646,664,682,700,718 SWITCH={RATIONAL R_0=0.38 D_0=0.00 D_MAX=2.1} MEAN
CP36: COORDINATIONNUMBER SPECIESA=646 SPECIESB=16,34,52,70,88,106,124,142,160,178,196,214,232,250,268,286,304,322,340,358,376,394,412,430,448,466,484,502,520,538,556,574,592,610,628,646,664,682,700,718 SWITCH={RATIONAL R_0=0.38 D_0=0.00 D_MAX=2.1} MEAN
CP37: COORDINATIONNUMBER SPECIESA=664 SPECIESB=16,34,52,70,88,106,124,142,160,178,196,214,232,250,268,286,304,322,340,358,376,394,412,430,448,466,484,502,520,538,556,574,592,610,628,646,664,682,700,718 SWITCH={RATIONAL R_0=0.38 D_0=0.00 D_MAX=2.1} MEAN
CP38: COORDINATIONNUMBER SPECIESA=682 SPECIESB=16,34,52,70,88,106,124,142,160,178,196,214,232,250,268,286,304,322,340,358,376,394,412,430,448,466,484,502,520,538,556,574,592,610,628,646,664,682,700,718 SWITCH={RATIONAL R_0=0.38 D_0=0.00 D_MAX=2.1} MEAN
CP39: COORDINATIONNUMBER SPECIESA=700 SPECIESB=16,34,52,70,88,106,124,142,160,178,196,214,232,250,268,286,304,322,340,358,376,394,412,430,448,466,484,502,520,538,556,574,592,610,628,646,664,682,700,718 SWITCH={RATIONAL R_0=0.38 D_0=0.00 D_MAX=2.1} MEAN
CP40: COORDINATIONNUMBER SPECIESA=718 SPECIESB=16,34,52,70,88,106,124,142,160,178,196,214,232,250,268,286,304,322,340,358,376,394,412,430,448,466,484,502,520,538,556,574,592,610,628,646,664,682,700,718 SWITCH={RATIONAL R_0=0.38 D_0=0.00 D_MAX=2.1} MEAN


PRINT FILE=COMPss01.dat ARG=CD1.mean,DIST1.lowest,CONTACTS1.mean,CP1.mean STRIDE=1 
PRINT FILE=COMPss02.dat ARG=CD2.mean,DIST2.lowest,CONTACTS2.mean,CP2.mean STRIDE=1 
PRINT FILE=COMPss03.dat ARG=CD3.mean,DIST3.lowest,CONTACTS3.mean,CP3.mean STRIDE=1 
PRINT FILE=COMPss04.dat ARG=CD4.mean,DIST4.lowest,CONTACTS4.mean,CP4.mean STRIDE=1 
PRINT FILE=COMPss05.dat ARG=CD5.mean,DIST5.lowest,CONTACTS5.mean,CP5.mean STRIDE=1 
PRINT FILE=COMPss06.dat ARG=CD6.mean,DIST6.lowest,CONTACTS6.mean,CP6.mean STRIDE=1 
PRINT FILE=COMPss07.dat ARG=CD7.mean,DIST7.lowest,CONTACTS7.mean,CP7.mean STRIDE=1 
PRINT FILE=COMPss08.dat ARG=CD8.mean,DIST8.lowest,CONTACTS8.mean,CP8.mean STRIDE=1 
PRINT FILE=COMPss09.dat ARG=CD9.mean,DIST9.lowest,CONTACTS9.mean,CP9.mean STRIDE=1
PRINT FILE=COMPss10.dat ARG=CD10.mean,DIST10.lowest,CONTACTS10.mean,CP10.mean STRIDE=1
PRINT FILE=COMPss11.dat ARG=CD11.mean,DIST11.lowest,CONTACTS11.mean,CP11.mean STRIDE=1 
PRINT FILE=COMPss12.dat ARG=CD12.mean,DIST12.lowest,CONTACTS12.mean,CP12.mean STRIDE=1 
PRINT FILE=COMPss13.dat ARG=CD13.mean,DIST13.lowest,CONTACTS13.mean,CP13.mean STRIDE=1 
PRINT FILE=COMPss14.dat ARG=CD14.mean,DIST14.lowest,CONTACTS14.mean,CP14.mean STRIDE=1 
PRINT FILE=COMPss15.dat ARG=CD15.mean,DIST15.lowest,CONTACTS15.mean,CP15.mean STRIDE=1 
PRINT FILE=COMPss16.dat ARG=CD16.mean,DIST16.lowest,CONTACTS16.mean,CP16.mean STRIDE=1 
PRINT FILE=COMPss17.dat ARG=CD17.mean,DIST17.lowest,CONTACTS17.mean,CP17.mean STRIDE=1 
PRINT FILE=COMPss18.dat ARG=CD18.mean,DIST18.lowest,CONTACTS18.mean,CP18.mean STRIDE=1 
PRINT FILE=COMPss19.dat ARG=CD19.mean,DIST19.lowest,CONTACTS19.mean,CP19.mean STRIDE=1
PRINT FILE=COMPss20.dat ARG=CD20.mean,DIST20.lowest,CONTACTS20.mean,CP20.mean STRIDE=1
PRINT FILE=COMPss21.dat ARG=CD21.mean,DIST21.lowest,CONTACTS21.mean,CP21.mean STRIDE=1
PRINT FILE=COMPss22.dat ARG=CD22.mean,DIST22.lowest,CONTACTS22.mean,CP22.mean STRIDE=1
PRINT FILE=COMPss23.dat ARG=CD23.mean,DIST23.lowest,CONTACTS23.mean,CP23.mean STRIDE=1
PRINT FILE=COMPss24.dat ARG=CD24.mean,DIST24.lowest,CONTACTS24.mean,CP24.mean STRIDE=1
PRINT FILE=COMPss25.dat ARG=CD25.mean,DIST25.lowest,CONTACTS25.mean,CP25.mean STRIDE=1
PRINT FILE=COMPss26.dat ARG=CD26.mean,DIST26.lowest,CONTACTS26.mean,CP26.mean STRIDE=1
PRINT FILE=COMPss27.dat ARG=CD27.mean,DIST27.lowest,CONTACTS27.mean,CP27.mean STRIDE=1
PRINT FILE=COMPss28.dat ARG=CD28.mean,DIST28.lowest,CONTACTS28.mean,CP28.mean STRIDE=1
PRINT FILE=COMPss29.dat ARG=CD29.mean,DIST29.lowest,CONTACTS29.mean,CP29.mean STRIDE=1
PRINT FILE=COMPss30.dat ARG=CD30.mean,DIST30.lowest,CONTACTS30.mean,CP30.mean STRIDE=1
PRINT FILE=COMPss31.dat ARG=CD31.mean,DIST31.lowest,CONTACTS31.mean,CP31.mean STRIDE=1
PRINT FILE=COMPss32.dat ARG=CD32.mean,DIST32.lowest,CONTACTS32.mean,CP32.mean STRIDE=1
PRINT FILE=COMPss33.dat ARG=CD33.mean,DIST33.lowest,CONTACTS33.mean,CP33.mean STRIDE=1
PRINT FILE=COMPss34.dat ARG=CD34.mean,DIST34.lowest,CONTACTS34.mean,CP34.mean STRIDE=1
PRINT FILE=COMPss35.dat ARG=CD35.mean,DIST35.lowest,CONTACTS35.mean,CP35.mean STRIDE=1
PRINT FILE=COMPss36.dat ARG=CD36.mean,DIST36.lowest,CONTACTS36.mean,CP36.mean STRIDE=1
PRINT FILE=COMPss37.dat ARG=CD37.mean,DIST37.lowest,CONTACTS37.mean,CP37.mean STRIDE=1
PRINT FILE=COMPss38.dat ARG=CD38.mean,DIST38.lowest,CONTACTS38.mean,CP38.mean STRIDE=1
PRINT FILE=COMPss39.dat ARG=CD39.mean,DIST39.lowest,CONTACTS39.mean,CP39.mean STRIDE=1
PRINT FILE=COMPss40.dat ARG=CD40.mean,DIST40.lowest,CONTACTS40.mean,CP40.mean STRIDE=1








