COORDINATIONNUMBER SPECIESA=379,380,381,382,383,384,394 SPECIESB=1,2,3,4,5,6,16,19,20,21,22,23,24,34,37,38,39,40,41,42,52,55,56,57,58,59,60,70,73,74,75,76,77,78,88,91,92,93,94,95,96,106,109,110,111,112,113,114,124,127,128,129,130,131,132,142,145,146,147,148,149,150,160,163,164,165,166,167,168,178,181,182,183,184,185,186,196,199,200,201,202,203,204,214,217,218,219,220,221,222,232,235,236,237,238,239,240,250,253,254,255,256,257,258,268,271,272,273,274,275,276,286,289,290,291,292,293,294,304,307,308,309,310,311,312,322,325,326,327,328,329,330,340,343,344,345,346,347,348,358,361,362,363,364,365,366,376,397,398,399,400,401,402,412,415,416,417,418,419,420,430,433,434,435,436,437,438,448,451,452,453,454,455,456,466,469,470,471,472,473,474,484,487,488,489,490,491,492,502,505,506,507,508,509,510,520,523,524,525,526,527,528,538,541,542,543,544,545,546,556,559,560,561,562,563,564,574,577,578,579,580,581,582,592,595,596,597,598,599,600,610,613,614,615,616,617,618,628,631,632,633,634,635,636,646,649,650,651,652,653,654,664,667,668,669,670,671,672,682,685,686,687,688,689,690,700,703,704,705,706,707,708,718 SWITCH={RATIONAL R_0=0.5 D_MAX=1.0} MEAN TOL=0.001 LABEL=CONT 

UPPER_WALLS ARG=CONT.mean AT=3.4 KAPPA=300.0 EXP=4 EPS=1 OFFSET=0 LABEL=uwall

METAD ...
LABEL=metad
ARG=CONT.mean
PACE=5000 
HEIGHT=0.3 
SIGMA=0.3 
FILE=HILLS
GRID_MIN=0
GRID_MAX=12
GRID_SPACING=0.0001
BIASFACTOR=20
ACCELERATION
... METAD

PRINT STRIDE=500 ARG=metad.bias,metad.acc,CONT.mean FILE=COLVAR 

